#' Internal list of custom palettes for plots
#' @keywords internal
palettes <- list(
  rbg = c("#FB0207", "#0096FF", "#008F00"),
  gbr = c( "#008F00", "#0096FF", "#FB0207"),
  crayon = c("#FB0207","#FF9300","#0096FF","#008F00", "#9437FF", "#941751", "#011993")
)
